4294967294,0
4294967294,5
4294967278,222
4294967278,220
4294967294,437
4294967294,1098
4294967294,30
4294967294,1167
4294967294,1164
4294967294,1158
4294967294,992
4294967294,990
4294967294,988
4294967294,987
4294967294,12
4294967294,1016
4294967294,81
4294967294,11
4294967294,7
4294967278,361
4294967278,360
4294967278,132
4294967278,397
4294967278,131
4294967278,130
4294967278,266
4294967278,129
4294967278,128
4294967278,127
4294967278,126
4294967278,125
4294967278,0
4294967278,292
4294967278,124
4294967278,123
4294967278,122
4294967278,121
4294967278,120
4294967278,275
4294967278,119
4294967278,384
4294967278,118
4294967278,260
4294967278,2
4294967278,390
4294967278,117
4294967278,116
4294967278,370
4294967278,115
4294967278,114
4294967278,113
4294967278,112
4294967278,111
4294967278,110
4294967278,109
4294967278,358
4294967278,108
4294967278,381
4294967278,107
4294967278,106
4294967278,313
4294967278,105
4294967278,104
4294967278,410
4294967278,100
4294967278,99
4294967278,290
4294967278,98
4294967278,97
4294967278,414
4294967278,96
4294967278,95
4294967278,310
4294967278,94
4294967278,308
4294967278,93
4294967278,229
4294967278,92
4294967278,91
4294967278,90
4294967278,356
4294967278,89
4294967278,87
4294967278,86
4294967278,284
4294967278,85
4294967278,84
4294967278,83
4294967278,352
4294967278,82
4294967278,400
4294967278,81
4294967278,80
4294967278,339
4294967278,79
4294967278,347
4294967278,78
4294967278,383
4294967278,77
4294967278,76
4294967278,75
4294967278,375
4294967278,74
4294967278,374
4294967278,73
4294967278,72
4294967278,71
4294967278,428
4294967278,70
4294967278,223
4294967278,69
4294967278,68
4294967278,67
4294967278,66
4294967278,344
4294967278,65
4294967278,351
4294967278,64
4294967278,63
4294967278,62
4294967278,346
4294967279,83
4294967279,81
4294967279,79
4294967279,363
4294967279,78
4294967279,380
4294967279,73
4294967279,527
4294967279,360
4294967279,71
4294967279,329
4294967279,362
4294967279,64
4294967279,62
4294967279,57
4294967279,56
4294967279,530
4294967279,54
4294967279,278
4294967279,53
4294967279,545
4294967279,52
4294967279,308
4294967279,47
4294967279,46
4294967279,44
4294967279,344
4294967279,41
4294967279,38
4294967279,88
4294967279,2
4294967279,538
4294967279,37
4294967279,324
4294967279,260
4294967279,31
4294967279,30
4294967279,23
4294967279,21
4294967279,552
4294967279,18
4294967279,13
4294967279,9
4294967279,8
4294967279,7
4294967279,289
4294967279,6
4294967279,5
4294967279,4
4294967278,103
4294967278,235
4294967278,174
4294967278,102
4294967278,101
4294967278,338
4294967294,6
4294967294,1166
4294967294,1163
4294967294,1019
4294967294,989
4294967294,60
4294967278,212
4294967294,67
4294967294,492
4294967294,93
4294967294,95
4294967294,46
4294967278,211
4294967294,50
4294967294,51
4294967294,52
4294967294,25
4294967294,27
4294967294,82
4294967294,1415
4294967294,83
4294967294,68
0,5
1752,7
4294967278,341
4294967278,408
4294967279,156
1752,6
1752,5
1752,4
1752,3
1752,2
1752,1
4294967278,406
4294967278,405
1749,7
1749,6
1749,5
1749,4
1749,3
1749,2
1749,1
4294967279,137
1745,6
1745,5
1745,4
1745,3
1745,2
1745,1
4294967278,404
4294967278,403
4294967279,382
4294967294,1418
4294967278,293
4294967279,381
4294967294,494
1742,5
1742,4
1742,3
1742,2
1742,1
4294967294,1419
4294967279,379
4294967279,539
1740,6
1740,5
1740,4
1740,3
1740,2
1740,1
4294967279,290
4294967278,401
4294967279,377
1737,5
1737,4
1737,3
1737,2
1737,1
1735,5
1735,4
1735,3
1735,2
1735,1
1734,6
1734,5
1734,4
1734,3
1734,2
1734,1
4294967279,376
4294967278,399
1733,5
1733,4
1733,3
1733,2
1733,1
4294967294,493
1731,4
1731,3
1731,2
1731,1
4294967278,398
4294967279,375
4294967279,546
4294967279,374
4294967279,373
4294967279,371
4294967278,386
4294967293,131
4294967293,130
4294967293,129
4294967293,128
4294967293,127
4294967293,126
4294967293,125
4294967293,124
4294967293,123
4294967293,122
4294967293,121
4294967293,120
4294967293,119
4294967293,118
4294967293,117
4294967293,116
4294967293,115
4294967293,114
4294967293,113
4294967293,112
4294967293,111
4294967293,110
4294967293,109
4294967293,108
4294967293,107
4294967293,106
4294967293,105
4294967293,104
4294967293,103
4294967293,102
4294967293,101
4294967293,100
4294967293,99
4294967293,98
4294967293,97
4294967293,96
4294967293,95
4294967293,94
4294967293,93
4294967293,92
4294967293,91
4294967293,90
4294967293,89
4294967293,88
4294967293,87
4294967293,86
4294967293,85
4294967293,84
4294967293,83
4294967293,82
4294967293,81
4294967293,80
4294967293,79
4294967293,78
4294967293,77
4294967293,76
4294967293,75
4294967293,74
4294967293,73
4294967293,72
4294967293,71
4294967293,70
4294967293,69
4294967293,68
4294967293,67
4294967293,66
4294967293,65
4294967293,64
4294967293,63
4294967293,62
